0.000000 0.017453 
0.010000 0.017452 
0.020000 0.017450 
0.030000 0.017446 
0.040000 0.017440 
0.050000 0.017432 
0.060000 0.017423 
0.069066 0.017413 
0.077075 0.017403 
0.084328 0.017393 
0.091005 0.017383 
0.097227 0.017373 
0.103074 0.017363 
0.108609 0.017353 
0.113875 0.017343 
0.118910 0.017333 
0.123740 0.017323 
0.128390 0.017313 
0.132879 0.017303 
0.137221 0.017293 
0.141431 0.017283 
0.145520 0.017273 
0.149497 0.017263 
0.153373 0.017253 
0.157153 0.017243 
0.160846 0.017233 
0.164456 0.017223 
0.167990 0.017213 
0.171451 0.017203 
0.174844 0.017193 
0.178174 0.017183 
0.181442 0.017173 
0.184654 0.017163 
0.187812 0.017153 
0.190917 0.017143 
0.193974 0.017133 
0.196984 0.017123 
0.199949 0.017113 
0.202871 0.017103 
0.205752 0.017093 
0.208594 0.017083 
0.211399 0.017073 
0.214167 0.017063 
0.216900 0.017053 
0.219600 0.017043 
0.222268 0.017033 
0.224904 0.017023 
0.227511 0.017013 
0.230088 0.017003 
0.232638 0.016993 
0.235160 0.016983 
0.237656 0.016973 
0.240126 0.016963 
0.242572 0.016953 
0.244994 0.016943 
0.247392 0.016933 
0.249768 0.016923 
0.252122 0.016913 
0.254455 0.016903 
0.256767 0.016893 
0.259059 0.016883 
0.261331 0.016873 
0.263584 0.016863 
0.265818 0.016853 
0.268034 0.016843 
0.270233 0.016833 
0.272414 0.016823 
0.274578 0.016813 
0.276725 0.016803 
0.278857 0.016793 
0.280973 0.016783 
0.283073 0.016773 
0.285158 0.016763 
0.287229 0.016753 
0.289285 0.016743 
0.291327 0.016733 
0.293355 0.016723 
0.295370 0.016713 
0.297371 0.016703 
0.299360 0.016693 
0.301335 0.016683 
0.303298 0.016673 
0.305249 0.016663 
0.307188 0.016653 
0.309115 0.016643 
0.311031 0.016633 
0.312935 0.016623 
0.314828 0.016613 
0.316710 0.016603 
0.318582 0.016593 
0.320442 0.016583 
0.322293 0.016573 
0.324133 0.016563 
0.325963 0.016553 
0.327783 0.016543 
0.329594 0.016533 
0.331395 0.016523 
0.333187 0.016513 
0.334969 0.016503 
0.336743 0.016493 
0.338507 0.016483 
0.340263 0.016473 
0.342010 0.016463 
0.343748 0.016453 
0.345478 0.016443 
0.347200 0.016433 
0.348913 0.016423 
0.350619 0.016413 
0.352316 0.016403 
0.354006 0.016393 
0.355688 0.016383 
0.357363 0.016373 
0.359030 0.016363 
0.360689 0.016353 
0.362342 0.016343 
0.363987 0.016333 
0.365625 0.016323 
0.367256 0.016313 
0.368880 0.016303 
0.370498 0.016293 
0.372108 0.016283 
0.373712 0.016273 
0.375310 0.016263 
0.376901 0.016253 
0.378486 0.016243 
0.380064 0.016233 
0.381636 0.016223 
0.383202 0.016213 
0.384762 0.016203 
0.386316 0.016193 
0.387864 0.016183 
0.389406 0.016173 
0.390943 0.016163 
0.392474 0.016153 
0.393999 0.016143 
0.395518 0.016133 
0.397032 0.016123 
0.398541 0.016113 
0.400044 0.016103 
0.401541 0.016093 
0.403034 0.016083 
0.404521 0.016073 
0.406003 0.016063 
0.407481 0.016053 
0.408953 0.016043 
0.410420 0.016033 
0.411882 0.016023 
0.413339 0.016013 
0.414791 0.016003 
0.416239 0.015993 
0.417682 0.015983 
0.419120 0.015973 
0.420553 0.015963 
0.421982 0.015953 
0.423407 0.015943 
0.424827 0.015933 
0.426242 0.015923 
0.427653 0.015913 
0.429060 0.015903 
0.430462 0.015893 
0.431861 0.015883 
0.433254 0.015873 
0.434644 0.015863 
0.436030 0.015853 
0.437411 0.015843 
0.438788 0.015833 
0.440162 0.015823 
0.441531 0.015813 
0.442896 0.015803 
0.444258 0.015793 
0.445615 0.015783 
0.446969 0.015773 
0.448319 0.015763 
0.449665 0.015753 
0.451007 0.015743 
0.452346 0.015733 
0.453681 0.015723 
0.455012 0.015713 
0.456340 0.015703 
0.457664 0.015693 
0.458985 0.015683 
0.460302 0.015673 
0.461615 0.015663 
0.462925 0.015653 
0.464232 0.015643 
0.465535 0.015633 
0.466835 0.015623 
0.468131 0.015613 
0.469424 0.015603 
0.470714 0.015593 
0.472001 0.015583 
0.473284 0.015573 
0.474564 0.015563 
0.475841 0.015553 
0.477115 0.015543 
0.478386 0.015533 
0.479653 0.015523 
0.480918 0.015513 
0.482179 0.015503 
0.483437 0.015493 
0.484693 0.015483 
0.485945 0.015473 
0.487195 0.015463 
0.488441 0.015453 
0.489685 0.015443 
0.490925 0.015433 
0.492163 0.015423 
0.493398 0.015413 
0.494630 0.015403 
0.495859 0.015393 
0.497085 0.015383 
0.498309 0.015373 
0.499530 0.015363 
0.500748 0.015353 
0.501964 0.015343 
0.503177 0.015333 
0.504387 0.015323 
0.505594 0.015313 
0.506799 0.015303 
0.508001 0.015293 
0.509201 0.015283 
0.510398 0.015273 
0.511592 0.015263 
0.512784 0.015253 
0.513974 0.015243 
0.515161 0.015233 
0.516345 0.015223 
0.517527 0.015213 
0.518707 0.015203 
0.519884 0.015193 
0.521058 0.015183 
0.522231 0.015173 
0.523400 0.015163 
0.524568 0.015153 
0.525733 0.015143 
0.526896 0.015133 
0.528056 0.015123 
0.529214 0.015113 
0.530370 0.015103 
0.531524 0.015093 
0.532675 0.015083 
0.533824 0.015073 
0.534971 0.015063 
0.536116 0.015053 
0.537258 0.015043 
0.538398 0.015033 
0.539536 0.015023 
0.540672 0.015013 
0.541806 0.015003 
0.542938 0.014993 
0.544067 0.014983 
0.545194 0.014973 
0.546320 0.014963 
0.547443 0.014953 
0.548564 0.014943 
0.549683 0.014933 
0.550800 0.014923 
0.551915 0.014913 
0.553028 0.014903 
0.554139 0.014893 
0.555248 0.014883 
0.556355 0.014873 
0.557460 0.014863 
0.558563 0.014853 
0.559664 0.014843 
0.560763 0.014833 
0.561860 0.014823 
0.562956 0.014813 
0.564049 0.014803 
0.565140 0.014793 
0.566230 0.014783 
0.567318 0.014773 
0.568404 0.014763 
0.569488 0.014753 
0.570570 0.014743 
0.571650 0.014733 
0.572729 0.014723 
0.573806 0.014713 
0.574881 0.014703 
0.575954 0.014693 
0.577025 0.014683 
0.578095 0.014673 
0.579163 0.014663 
0.580229 0.014653 
0.581294 0.014643 
0.582356 0.014633 
0.583417 0.014623 
0.584476 0.014613 
0.585534 0.014603 
0.586590 0.014593 
0.587644 0.014583 
0.588697 0.014573 
0.589748 0.014563 
0.590797 0.014553 
0.591844 0.014543 
0.592890 0.014533 
0.593935 0.014523 
0.594977 0.014513 
0.596018 0.014503 
0.597058 0.014493 
0.598096 0.014483 
0.599132 0.014473 
0.600167 0.014463 
0.601200 0.014453 
0.602232 0.014443 
0.603262 0.014433 
0.604290 0.014423 
0.605317 0.014413 
0.606343 0.014403 
0.607367 0.014393 
0.608389 0.014383 
0.609410 0.014373 
0.610429 0.014363 
0.611447 0.014353 
0.612464 0.014343 
0.613479 0.014333 
0.614492 0.014323 
0.615504 0.014313 
0.616515 0.014303 
0.617524 0.014293 
0.618532 0.014283 
0.619538 0.014273 
0.620543 0.014263 
0.621547 0.014253 
0.622549 0.014243 
0.623549 0.014233 
0.624549 0.014223 
0.625546 0.014213 
0.626543 0.014203 
0.627538 0.014193 
0.628532 0.014183 
0.629524 0.014173 
0.630515 0.014163 
0.631505 0.014153 
0.632493 0.014143 
0.633480 0.014133 
0.634466 0.014123 
0.635450 0.014113 
0.636433 0.014103 
0.637415 0.014093 
0.638396 0.014083 
0.639375 0.014073 
0.640353 0.014063 
0.641329 0.014053 
0.642304 0.014043 
0.643278 0.014033 
0.644251 0.014023 
0.645223 0.014013 
0.646193 0.014003 
0.647162 0.013993 
0.648129 0.013983 
0.649096 0.013973 
0.650061 0.013963 
0.651025 0.013953 
0.651988 0.013943 
0.652950 0.013933 
0.653910 0.013923 
0.654869 0.013913 
0.655827 0.013903 
0.656784 0.013893 
0.657739 0.013883 
0.658694 0.013873 
0.659647 0.013863 
0.660599 0.013853 
0.661550 0.013843 
0.662500 0.013833 
0.663448 0.013823 
0.664396 0.013813 
0.665342 0.013803 
0.666287 0.013793 
0.667231 0.013783 
0.668174 0.013773 
0.669115 0.013763 
0.670056 0.013753 
0.670995 0.013743 
0.671934 0.013733 
0.672871 0.013723 
0.673807 0.013713 
0.674742 0.013703 
0.675676 0.013693 
0.676609 0.013683 
0.677541 0.013673 
0.678471 0.013663 
0.679401 0.013653 
0.680329 0.013643 
0.681257 0.013633 
0.682183 0.013623 
0.683108 0.013613 
0.684033 0.013603 
0.684956 0.013593 
0.685878 0.013583 
0.686799 0.013573 
0.687719 0.013563 
0.688638 0.013553 
0.689556 0.013543 
0.690473 0.013533 
0.691389 0.013523 
0.692304 0.013513 
0.693218 0.013503 
0.694131 0.013493 
0.695043 0.013483 
0.695954 0.013473 
0.696864 0.013463 
0.697773 0.013453 
0.698681 0.013443 
0.699588 0.013433 
0.700494 0.013423 
0.701399 0.013413 
0.702303 0.013403 
0.703206 0.013393 
0.704108 0.013383 
0.705009 0.013373 
0.705910 0.013363 
0.706809 0.013353 
0.707707 0.013343 
0.708604 0.013333 
0.709501 0.013323 
0.710396 0.013313 
0.711291 0.013303 
0.712184 0.013293 
0.713077 0.013283 
0.713969 0.013273 
0.714860 0.013263 
0.715750 0.013253 
0.716639 0.013243 
0.717527 0.013233 
0.718414 0.013223 
0.719300 0.013213 
0.720185 0.013203 
0.721070 0.013193 
0.721954 0.013183 
0.722836 0.013173 
0.723718 0.013163 
0.724599 0.013153 
0.725479 0.013143 
0.726358 0.013133 
0.727236 0.013123 
0.728114 0.013113 
0.728990 0.013103 
0.729866 0.013093 
0.730741 0.013083 
0.731615 0.013073 
0.732488 0.013063 
0.733360 0.013053 
0.734232 0.013043 
0.735102 0.013033 
0.735972 0.013023 
0.736841 0.013013 
0.737709 0.013003 
0.738576 0.012993 
0.739443 0.012983 
0.740308 0.012973 
0.741173 0.012963 
0.742037 0.012953 
0.742900 0.012943 
0.743762 0.012933 
0.744624 0.012923 
0.745484 0.012913 
0.746344 0.012903 
0.747203 0.012893 
0.748062 0.012883 
0.748919 0.012873 
0.749776 0.012863 
0.750632 0.012853 
0.751487 0.012843 
0.752341 0.012833 
0.753195 0.012823 
0.754047 0.012813 
0.754899 0.012803 
0.755751 0.012793 
0.756601 0.012783 
0.757451 0.012773 
0.758300 0.012763 
0.759148 0.012753 
0.759995 0.012743 
0.760842 0.012733 
0.761688 0.012723 
0.762533 0.012713 
0.763377 0.012703 
0.764221 0.012693 
0.765063 0.012683 
0.765906 0.012673 
0.766747 0.012663 
0.767588 0.012653 
0.768427 0.012643 
0.769267 0.012633 
0.770105 0.012623 
0.770943 0.012613 
0.771780 0.012603 
0.772616 0.012593 
0.773451 0.012583 
0.774286 0.012573 
0.775120 0.012563 
0.775954 0.012553 
0.776786 0.012543 
0.777618 0.012533 
0.778450 0.012523 
0.779280 0.012513 
0.780110 0.012503 
0.780939 0.012493 
0.781768 0.012483 
0.782595 0.012473 
0.783423 0.012463 
0.784249 0.012453 
0.785075 0.012443 
0.785900 0.012433 
0.786724 0.012423 
0.787548 0.012413 
0.788371 0.012403 
0.789193 0.012393 
0.790014 0.012383 
0.790835 0.012373 
0.791656 0.012363 
0.792475 0.012353 
0.793294 0.012343 
0.794112 0.012333 
0.794930 0.012323 
0.795747 0.012313 
0.796563 0.012303 
0.797379 0.012293 
0.798194 0.012283 
0.799008 0.012273 
0.799822 0.012263 
0.800635 0.012253 
0.801447 0.012243 
0.802259 0.012233 
0.803070 0.012223 
0.803881 0.012213 
0.804691 0.012203 
0.805500 0.012193 
0.806308 0.012183 
0.807116 0.012173 
0.807924 0.012163 
0.808730 0.012153 
0.809536 0.012143 
0.810342 0.012133 
0.811147 0.012123 
0.811951 0.012113 
0.812754 0.012103 
0.813557 0.012093 
0.814360 0.012083 
0.815161 0.012073 
0.815963 0.012063 
0.816763 0.012053 
0.817563 0.012043 
0.818362 0.012033 
0.819161 0.012023 
0.819959 0.012013 
0.820757 0.012003 
0.821554 0.011993 
0.822350 0.011983 
0.823146 0.011973 
0.823941 0.011963 
0.824735 0.011953 
0.825529 0.011943 
0.826323 0.011933 
0.827116 0.011923 
0.827908 0.011913 
0.828699 0.011903 
0.829491 0.011893 
0.830281 0.011883 
0.831071 0.011873 
0.831860 0.011863 
0.832649 0.011853 
0.833437 0.011843 
0.834225 0.011833 
0.835012 0.011823 
0.835798 0.011813 
0.836584 0.011803 
0.837370 0.011793 
0.838155 0.011783 
0.838939 0.011773 
0.839723 0.011763 
0.840506 0.011753 
0.841288 0.011743 
0.842070 0.011733 
0.842852 0.011723 
0.843633 0.011713 
0.844413 0.011703 
0.845193 0.011693 
0.845972 0.011683 
0.846751 0.011673 
0.847529 0.011663 
0.848307 0.011653 
0.849084 0.011643 
0.849861 0.011633 
0.850637 0.011623 
0.851413 0.011613 
0.852188 0.011603 
0.852962 0.011593 
0.853736 0.011583 
0.854510 0.011573 
0.855282 0.011563 
0.856055 0.011553 
0.856827 0.011543 
0.857598 0.011533 
0.858369 0.011523 
0.859139 0.011513 
0.859909 0.011503 
0.860678 0.011493 
0.861447 0.011483 
0.862215 0.011473 
0.862983 0.011463 
0.863751 0.011453 
0.864517 0.011443 
0.865284 0.011433 
0.866049 0.011423 
0.866815 0.011413 
0.867579 0.011403 
0.868343 0.011393 
0.869107 0.011383 
0.869870 0.011373 
0.870633 0.011363 
0.871395 0.011353 
0.872157 0.011343 
0.872919 0.011333 
0.873679 0.011323 
0.874440 0.011313 
0.875199 0.011303 
0.875959 0.011293 
0.876718 0.011283 
0.877476 0.011273 
0.878234 0.011263 
0.878991 0.011253 
0.879748 0.011243 
0.880505 0.011233 
0.881261 0.011223 
0.882016 0.011213 
0.882771 0.011203 
0.883526 0.011193 
0.884280 0.011183 
0.885033 0.011173 
0.885786 0.011163 
0.886539 0.011153 
0.887291 0.011143 
0.888043 0.011133 
0.888794 0.011123 
0.889545 0.011113 
0.890296 0.011103 
0.891045 0.011093 
0.891795 0.011083 
0.892544 0.011073 
0.893292 0.011063 
0.894040 0.011053 
0.894788 0.011043 
0.895535 0.011033 
0.896282 0.011023 
0.897028 0.011013 
0.897774 0.011003 
0.898519 0.010993 
0.899264 0.010983 
0.900009 0.010973 
0.900753 0.010963 
0.901496 0.010953 
0.902240 0.010943 
0.902982 0.010933 
0.903725 0.010923 
0.904466 0.010913 
0.905208 0.010903 
0.905949 0.010893 
0.906689 0.010883 
0.907429 0.010873 
0.908169 0.010863 
0.908908 0.010853 
0.909647 0.010843 
0.910386 0.010833 
0.911123 0.010823 
0.911861 0.010813 
0.912598 0.010803 
0.913335 0.010793 
0.914071 0.010783 
0.914807 0.010773 
0.915542 0.010763 
0.916277 0.010753 
0.917012 0.010743 
0.917746 0.010733 
0.918480 0.010723 
0.919213 0.010713 
0.919946 0.010703 
0.920679 0.010693 
0.921411 0.010683 
0.922142 0.010673 
0.922874 0.010663 
0.923604 0.010653 
0.924335 0.010643 
0.925065 0.010633 
0.925795 0.010623 
0.926524 0.010613 
0.927253 0.010603 
0.927981 0.010593 
0.928709 0.010583 
0.929437 0.010573 
0.930164 0.010563 
0.930891 0.010553 
0.931617 0.010543 
0.932343 0.010533 
0.933069 0.010523 
0.933794 0.010513 
0.934519 0.010503 
0.935244 0.010493 
0.935968 0.010483 
0.936691 0.010473 
0.937415 0.010463 
0.938138 0.010453 
0.938860 0.010443 
0.939582 0.010433 
0.940304 0.010423 
0.941026 0.010413 
0.941747 0.010403 
0.942467 0.010393 
0.943187 0.010383 
0.943907 0.010373 
0.944627 0.010363 
0.945346 0.010353 
0.946065 0.010343 
0.946783 0.010333 
0.947501 0.010323 
0.948218 0.010313 
0.948936 0.010303 
0.949652 0.010293 
0.950369 0.010283 
0.951085 0.010273 
0.951801 0.010263 
0.952516 0.010253 
0.953231 0.010243 
0.953946 0.010233 
0.954660 0.010223 
0.955374 0.010213 
0.956088 0.010203 
0.956801 0.010193 
0.957514 0.010183 
0.958226 0.010173 
0.958938 0.010163 
0.959650 0.010153 
0.960361 0.010143 
0.961072 0.010133 
0.961783 0.010123 
0.962493 0.010113 
0.963203 0.010103 
0.963913 0.010093 
0.964622 0.010083 
0.965331 0.010073 
0.966039 0.010063 
0.966748 0.010053 
0.967455 0.010043 
0.968163 0.010033 
0.968870 0.010023 
0.969577 0.010013 
0.970283 0.010003 
0.970989 0.009993 
0.971695 0.009983 
0.972401 0.009973 
0.973106 0.009963 
0.973810 0.009953 
0.974515 0.009943 
0.975219 0.009933 
0.975923 0.009923 
0.976626 0.009913 
0.977329 0.009903 
0.978032 0.009893 
0.978734 0.009883 
0.979436 0.009873 
0.980138 0.009863 
0.980839 0.009853 
0.981540 0.009843 
0.982241 0.009833 
0.982941 0.009823 
0.983641 0.009813 
0.984341 0.009803 
0.985040 0.009793 
0.985739 0.009783 
0.986438 0.009773 
0.987137 0.009763 
0.987835 0.009753 
0.988532 0.009743 
0.989230 0.009733 
0.989927 0.009723 
0.990624 0.009713 
0.991320 0.009703 
0.992016 0.009693 
0.992712 0.009683 
0.993407 0.009673 
0.994103 0.009663 
0.994798 0.009653 
0.995492 0.009643 
0.996186 0.009633 
0.996880 0.009623 
0.997574 0.009613 
0.998267 0.009603 
0.998960 0.009593 
0.999653 0.009583 
1.000345 0.009573 
1.001037 0.009563 
1.001729 0.009553 
1.002420 0.009543 
1.003111 0.009533 
1.003802 0.009523 
1.004493 0.009513 
1.005183 0.009503 
1.005873 0.009493 
1.006562 0.009483 
1.007251 0.009473 
1.007940 0.009463 
1.008629 0.009453 
1.009317 0.009443 
1.010005 0.009433 
1.010693 0.009423 
1.011381 0.009413 
1.012068 0.009403 
1.012755 0.009393 
1.013441 0.009383 
1.014127 0.009373 
1.014813 0.009363 
1.015499 0.009353 
1.016184 0.009343 
1.016869 0.009333 
1.017554 0.009323 
1.018239 0.009313 
1.018923 0.009303 
1.019607 0.009293 
1.020290 0.009283 
1.020974 0.009273 
1.021657 0.009263 
1.022339 0.009253 
1.023022 0.009243 
1.023704 0.009233 
1.024386 0.009223 
1.025068 0.009213 
1.025749 0.009203 
1.026430 0.009193 
1.027111 0.009183 
1.027791 0.009173 
1.028471 0.009163 
1.029151 0.009153 
1.029831 0.009143 
1.030510 0.009133 
1.031189 0.009123 
1.031868 0.009113 
1.032546 0.009103 
1.033225 0.009093 
1.033903 0.009083 
1.034580 0.009073 
1.035258 0.009063 
1.035935 0.009053 
1.036611 0.009043 
1.037288 0.009033 
1.037964 0.009023 
1.038640 0.009013 
1.039316 0.009003 
1.039991 0.008993 
1.040667 0.008983 
1.041342 0.008973 
1.042016 0.008963 
1.042691 0.008953 
1.043365 0.008943 
1.044039 0.008933 
1.044712 0.008923 
1.045385 0.008913 
1.046058 0.008903 
1.046731 0.008893 
1.047404 0.008883 
1.048076 0.008873 
1.048748 0.008863 
1.049420 0.008853 
1.050091 0.008843 
1.050762 0.008833 
1.051433 0.008823 
1.052104 0.008813 
1.052774 0.008803 
1.053444 0.008793 
1.054114 0.008783 
1.054784 0.008773 
1.055453 0.008763 
1.056122 0.008753 
1.056791 0.008743 
1.057460 0.008733 
1.058128 0.008723 
1.058796 0.008713 
1.059464 0.008703 
1.060132 0.008693 
1.060799 0.008683 
1.061466 0.008673 
1.062133 0.008663 
1.062800 0.008653 
1.063466 0.008643 
1.064132 0.008633 
1.064798 0.008623 
1.065463 0.008613 
1.066129 0.008603 
1.066794 0.008593 
1.067459 0.008583 
1.068123 0.008573 
1.068787 0.008563 
1.069452 0.008553 
1.070115 0.008543 
1.070779 0.008533 
1.071442 0.008523 
1.072105 0.008513 
1.072768 0.008503 
1.073431 0.008493 
1.074093 0.008483 
1.074755 0.008473 
1.075417 0.008463 
1.076079 0.008453 
1.076740 0.008443 
1.077402 0.008433 
1.078063 0.008423 
1.078723 0.008413 
1.079384 0.008403 
1.080044 0.008393 
1.080704 0.008383 
1.081364 0.008373 
1.082023 0.008363 
1.082682 0.008353 
1.083342 0.008343 
1.084000 0.008333 
1.084659 0.008323 
1.085317 0.008313 
1.085975 0.008303 
1.086633 0.008293 
1.087291 0.008283 
1.087948 0.008273 
1.088606 0.008263 
1.089263 0.008253 
1.089919 0.008243 
1.090576 0.008233 
1.091232 0.008223 
1.091888 0.008213 
1.092544 0.008203 
1.093200 0.008193 
1.093855 0.008183 
1.094510 0.008173 
1.095165 0.008163 
1.095820 0.008153 
1.096474 0.008143 
1.097128 0.008133 
1.097782 0.008123 
1.098436 0.008113 
1.099090 0.008103 
1.099743 0.008093 
1.100396 0.008083 
1.101049 0.008073 
1.101702 0.008063 
1.102354 0.008053 
1.103007 0.008043 
1.103659 0.008033 
1.104310 0.008023 
1.104962 0.008013 
1.105613 0.008003 
1.106265 0.007993 
1.106916 0.007983 
1.107566 0.007973 
1.108217 0.007963 
1.108867 0.007953 
1.109517 0.007943 
1.110167 0.007933 
1.110817 0.007923 
1.111466 0.007913 
1.112115 0.007903 
1.112765 0.007893 
1.113413 0.007883 
1.114062 0.007873 
1.114710 0.007863 
1.115359 0.007853 
1.116007 0.007843 
1.116654 0.007833 
1.117302 0.007823 
1.117949 0.007813 
1.118596 0.007803 
1.119243 0.007793 
1.119890 0.007783 
1.120537 0.007773 
1.121183 0.007763 
1.121829 0.007753 
1.122475 0.007743 
1.123121 0.007733 
1.123766 0.007723 
1.124411 0.007713 
1.125056 0.007703 
1.125701 0.007693 
1.126346 0.007683 
1.126991 0.007673 
1.127635 0.007663 
1.128279 0.007653 
1.128923 0.007643 
1.129566 0.007633 
1.130210 0.007623 
1.130853 0.007613 
1.131496 0.007603 
1.132139 0.007593 
1.132782 0.007583 
1.133424 0.007573 
1.134067 0.007563 
1.134709 0.007553 
1.135351 0.007543 
1.135992 0.007533 
1.136634 0.007523 
1.137275 0.007513 
1.137916 0.007503 
1.138557 0.007493 
1.139198 0.007483 
1.139839 0.007473 
1.140479 0.007463 
1.141119 0.007453 
1.141759 0.007443 
1.142399 0.007433 
1.143039 0.007423 
1.143678 0.007413 
1.144317 0.007403 
1.144956 0.007393 
1.145595 0.007383 
1.146234 0.007373 
1.146872 0.007363 
1.147510 0.007353 
1.148148 0.007343 
1.148786 0.007333 
1.149424 0.007323 
1.150062 0.007313 
1.150699 0.007303 
1.151336 0.007293 
1.151973 0.007283 
1.152610 0.007273 
1.153246 0.007263 
1.153883 0.007253 
1.154519 0.007243 
1.155155 0.007233 
1.155791 0.007223 
1.156427 0.007213 
1.157062 0.007203 
1.157697 0.007193 
1.158333 0.007183 
1.158968 0.007173 
1.159602 0.007163 
1.160237 0.007153 
1.160871 0.007143 
1.161506 0.007133 
1.162140 0.007123 
1.162774 0.007113 
1.163407 0.007103 
1.164041 0.007093 
1.164674 0.007083 
1.165307 0.007073 
1.165940 0.007063 
1.166573 0.007053 
1.167206 0.007043 
1.167838 0.007033 
1.168471 0.007023 
1.169103 0.007013 
1.169735 0.007003 
1.170366 0.006993 
1.170998 0.006983 
1.171630 0.006973 
1.172261 0.006963 
1.172892 0.006953 
1.173523 0.006943 
1.174154 0.006933 
1.174784 0.006923 
1.175415 0.006913 
1.176045 0.006903 
1.176675 0.006893 
1.177305 0.006883 
1.177935 0.006873 
1.178564 0.006863 
1.179193 0.006853 
1.179823 0.006843 
1.180452 0.006833 
1.181081 0.006823 
1.181709 0.006813 
1.182338 0.006803 
1.182966 0.006793 
1.183595 0.006783 
1.184223 0.006773 
1.184851 0.006763 
1.185478 0.006753 
1.186106 0.006743 
1.186733 0.006733 
1.187361 0.006723 
1.187988 0.006713 
1.188615 0.006703 
1.189241 0.006693 
1.189868 0.006683 
1.190494 0.006673 
1.191121 0.006663 
1.191747 0.006653 
1.192373 0.006643 
1.192999 0.006633 
1.193624 0.006623 
1.194250 0.006613 
1.194875 0.006603 
1.195500 0.006593 
1.196125 0.006583 
1.196750 0.006573 
1.197375 0.006563 
1.197999 0.006553 
1.198624 0.006543 
1.199248 0.006533 
1.199872 0.006523 
1.200496 0.006513 
1.201120 0.006503 
1.201743 0.006493 
1.202367 0.006483 
1.202990 0.006473 
1.203613 0.006463 
1.204236 0.006453 
1.204859 0.006443 
1.205482 0.006433 
1.206104 0.006423 
1.206727 0.006413 
1.207349 0.006403 
1.207971 0.006393 
1.208593 0.006383 
1.209215 0.006373 
1.209836 0.006363 
1.210458 0.006353 
1.211079 0.006343 
1.211700 0.006333 
1.212321 0.006323 
1.212942 0.006313 
1.213563 0.006303 
1.214184 0.006293 
1.214804 0.006283 
1.215424 0.006273 
1.216044 0.006263 
1.216664 0.006253 
1.217284 0.006243 
1.217904 0.006233 
1.218524 0.006223 
1.219143 0.006213 
1.219762 0.006203 
1.220381 0.006193 
1.221000 0.006183 
1.221619 0.006173 
1.222238 0.006163 
1.222856 0.006153 
1.223475 0.006143 
1.224093 0.006133 
1.224711 0.006123 
1.225329 0.006113 
1.225947 0.006103 
1.226565 0.006093 
1.227182 0.006083 
1.227800 0.006073 
1.228417 0.006063 
1.229034 0.006053 
1.229651 0.006043 
1.230268 0.006033 
1.230885 0.006023 
1.231501 0.006013 
1.232118 0.006003 
1.232734 0.005993 
1.233350 0.005983 
1.233966 0.005973 
1.234582 0.005963 
1.235198 0.005953 
1.235814 0.005943 
1.236429 0.005933 
1.237045 0.005923 
1.237660 0.005913 
1.238275 0.005903 
1.238890 0.005893 
1.239505 0.005883 
1.240119 0.005873 
1.240734 0.005863 
1.241348 0.005853 
1.241963 0.005843 
1.242577 0.005833 
1.243191 0.005823 
1.243805 0.005813 
1.244418 0.005803 
1.245032 0.005793 
1.245646 0.005783 
1.246259 0.005773 
1.246872 0.005763 
1.247485 0.005753 
1.248098 0.005743 
1.248711 0.005733 
1.249324 0.005723 
1.249936 0.005713 
1.250549 0.005703 
1.251161 0.005693 
1.251773 0.005683 
1.252385 0.005673 
1.252997 0.005663 
1.253609 0.005653 
1.254221 0.005643 
1.254832 0.005633 
1.255444 0.005623 
1.256055 0.005613 
1.256666 0.005603 
1.257277 0.005593 
1.257888 0.005583 
1.258499 0.005573 
1.259110 0.005563 
1.259720 0.005553 
1.260331 0.005543 
1.260941 0.005533 
1.261551 0.005523 
1.262161 0.005513 
1.262771 0.005503 
1.263381 0.005493 
1.263991 0.005483 
1.264601 0.005473 
1.265210 0.005463 
1.265819 0.005453 
1.266429 0.005443 
1.267038 0.005433 
1.267647 0.005423 
1.268255 0.005413 
1.268864 0.005403 
1.269473 0.005393 
1.270081 0.005383 
1.270690 0.005373 
1.271298 0.005363 
1.271906 0.005353 
1.272514 0.005343 
1.273122 0.005333 
1.273730 0.005323 
1.274337 0.005313 
1.274945 0.005303 
1.275552 0.005293 
1.276160 0.005283 
1.276767 0.005273 
1.277374 0.005263 
1.277981 0.005253 
1.278588 0.005243 
1.279195 0.005233 
1.279801 0.005223 
1.280408 0.005213 
1.281014 0.005203 
1.281621 0.005193 
1.282227 0.005183 
1.282833 0.005173 
1.283439 0.005163 
1.284045 0.005153 
1.284650 0.005143 
1.285256 0.005133 
1.285861 0.005123 
1.286467 0.005113 
1.287072 0.005103 
1.287677 0.005093 
1.288282 0.005083 
1.288887 0.005073 
1.289492 0.005063 
1.290097 0.005053 
1.290701 0.005043 
1.291306 0.005033 
1.291910 0.005023 
1.292515 0.005013 
1.293119 0.005003 
1.293723 0.004993 
1.294327 0.004983 
1.294931 0.004973 
1.295534 0.004963 
1.296138 0.004953 
1.296742 0.004943 
1.297345 0.004933 
1.297948 0.004923 
1.298552 0.004913 
1.299155 0.004903 
1.299758 0.004893 
1.300361 0.004883 
1.300963 0.004873 
1.301566 0.004863 
1.302169 0.004853 
1.302771 0.004843 
1.303374 0.004833 
1.303976 0.004823 
1.304578 0.004813 
1.305180 0.004803 
1.305782 0.004793 
1.306384 0.004783 
1.306986 0.004773 
1.307587 0.004763 
1.308189 0.004753 
1.308790 0.004743 
1.309392 0.004733 
1.309993 0.004723 
1.310594 0.004713 
1.311195 0.004703 
1.311796 0.004693 
1.312397 0.004683 
1.312998 0.004673 
1.313599 0.004663 
1.314199 0.004653 
1.314800 0.004643 
1.315400 0.004633 
1.316000 0.004623 
1.316600 0.004613 
1.317200 0.004603 
1.317800 0.004593 
1.318400 0.004583 
1.319000 0.004573 
1.319600 0.004563 
1.320199 0.004553 
1.320799 0.004543 
1.321398 0.004533 
1.321998 0.004523 
1.322597 0.004513 
1.323196 0.004503 
1.323795 0.004493 
1.324394 0.004483 
1.324993 0.004473 
1.325591 0.004463 
1.326190 0.004453 
1.326788 0.004443 
1.327387 0.004433 
1.327985 0.004423 
1.328584 0.004413 
1.329182 0.004403 
1.329780 0.004393 
1.330378 0.004383 
1.330976 0.004373 
1.331573 0.004363 
1.332171 0.004353 
1.332769 0.004343 
1.333366 0.004333 
1.333964 0.004323 
1.334561 0.004313 
1.335158 0.004303 
1.335756 0.004293 
1.336353 0.004283 
1.336950 0.004273 
1.337547 0.004263 
1.338143 0.004253 
1.338740 0.004243 
1.339337 0.004233 
1.339933 0.004223 
1.340530 0.004213 
1.341126 0.004203 
1.341722 0.004193 
1.342319 0.004183 
1.342915 0.004173 
1.343511 0.004163 
1.344107 0.004153 
1.344702 0.004143 
1.345298 0.004133 
1.345894 0.004123 
1.346490 0.004113 
1.347085 0.004103 
1.347680 0.004093 
1.348276 0.004083 
1.348871 0.004073 
1.349466 0.004063 
1.350061 0.004053 
1.350656 0.004043 
1.351251 0.004033 
1.351846 0.004023 
1.352441 0.004013 
1.353035 0.004003 
1.353630 0.003993 
1.354225 0.003983 
1.354819 0.003973 
1.355413 0.003963 
1.356008 0.003953 
1.356602 0.003943 
1.357196 0.003933 
1.357790 0.003923 
1.358384 0.003913 
1.358978 0.003903 
1.359571 0.003893 
1.360165 0.003883 
1.360759 0.003873 
1.361352 0.003863 
1.361946 0.003853 
1.362539 0.003843 
1.363132 0.003833 
1.363726 0.003823 
1.364319 0.003813 
1.364912 0.003803 
1.365505 0.003793 
1.366098 0.003783 
1.366691 0.003773 
1.367283 0.003763 
1.367876 0.003753 
1.368469 0.003743 
1.369061 0.003733 
1.369654 0.003723 
1.370246 0.003713 
1.370838 0.003703 
1.371431 0.003693 
1.372023 0.003683 
1.372615 0.003673 
1.373207 0.003663 
1.373799 0.003653 
1.374391 0.003643 
1.374982 0.003633 
1.375574 0.003623 
1.376166 0.003613 
1.376757 0.003603 
1.377349 0.003593 
1.377940 0.003583 
1.378531 0.003573 
1.379123 0.003563 
1.379714 0.003553 
1.380305 0.003543 
1.380896 0.003533 
1.381487 0.003523 
1.382078 0.003513 
1.382669 0.003503 
1.383260 0.003493 
1.383850 0.003483 
1.384441 0.003473 
1.385031 0.003463 
1.385622 0.003453 
1.386212 0.003443 
1.386803 0.003433 
1.387393 0.003423 
1.387983 0.003413 
1.388573 0.003403 
1.389163 0.003393 
1.389753 0.003383 
1.390343 0.003373 
1.390933 0.003363 
1.391523 0.003353 
1.392113 0.003343 
1.392702 0.003333 
1.393292 0.003323 
1.393882 0.003313 
1.394471 0.003303 
1.395060 0.003293 
1.395650 0.003283 
1.396239 0.003273 
1.396828 0.003263 
1.397417 0.003253 
1.398006 0.003243 
1.398595 0.003233 
1.399184 0.003223 
1.399773 0.003213 
1.400362 0.003203 
1.400951 0.003193 
1.401539 0.003183 
1.402128 0.003173 
1.402717 0.003163 
1.403305 0.003153 
1.403894 0.003143 
1.404482 0.003133 
1.405070 0.003123 
1.405658 0.003113 
1.406247 0.003103 
1.406835 0.003093 
1.407423 0.003083 
1.408011 0.003073 
1.408599 0.003063 
1.409187 0.003053 
1.409774 0.003043 
1.410362 0.003033 
1.410950 0.003023 
1.411538 0.003013 
1.412125 0.003003 
1.412713 0.002993 
1.413300 0.002983 
1.413887 0.002973 
1.414475 0.002963 
1.415062 0.002953 
1.415649 0.002943 
1.416236 0.002933 
1.416824 0.002923 
1.417411 0.002913 
1.417998 0.002903 
1.418584 0.002893 
1.419171 0.002883 
1.419758 0.002873 
1.420345 0.002863 
1.420932 0.002853 
1.421518 0.002843 
1.422105 0.002833 
1.422691 0.002823 
1.423278 0.002813 
1.423864 0.002803 
1.424451 0.002793 
1.425037 0.002783 
1.425623 0.002773 
1.426209 0.002763 
1.426796 0.002753 
1.427382 0.002743 
1.427968 0.002733 
1.428554 0.002723 
1.429140 0.002713 
1.429725 0.002703 
1.430311 0.002693 
1.430897 0.002683 
1.431483 0.002673 
1.432068 0.002663 
1.432654 0.002653 
1.433240 0.002643 
1.433825 0.002633 
1.434411 0.002623 
1.434996 0.002613 
1.435581 0.002603 
1.436167 0.002593 
1.436752 0.002583 
1.437337 0.002573 
1.437922 0.002563 
1.438507 0.002553 
1.439092 0.002543 
1.439677 0.002533 
1.440262 0.002523 
1.440847 0.002513 
1.441432 0.002503 
1.442017 0.002493 
1.442602 0.002483 
1.443186 0.002473 
1.443771 0.002463 
1.444356 0.002453 
1.444940 0.002443 
1.445525 0.002433 
1.446109 0.002423 
1.446694 0.002413 
1.447278 0.002403 
1.447862 0.002393 
1.448446 0.002383 
1.449031 0.002373 
1.449615 0.002363 
1.450199 0.002353 
1.450783 0.002343 
1.451367 0.002333 
1.451951 0.002323 
1.452535 0.002313 
1.453119 0.002303 
1.453703 0.002293 
1.454287 0.002283 
1.454870 0.002273 
1.455454 0.002263 
1.456038 0.002253 
1.456622 0.002243 
1.457205 0.002233 
1.457789 0.002223 
1.458372 0.002213 
1.458956 0.002203 
1.459539 0.002193 
1.460122 0.002183 
1.460706 0.002173 
1.461289 0.002163 
1.461872 0.002153 
1.462456 0.002143 
1.463039 0.002133 
1.463622 0.002123 
1.464205 0.002113 
1.464788 0.002103 
1.465371 0.002093 
1.465954 0.002083 
1.466537 0.002073 
1.467120 0.002063 
1.467703 0.002053 
1.468285 0.002043 
1.468868 0.002033 
1.469451 0.002023 
1.470034 0.002013 
1.470616 0.002003 
1.471199 0.001993 
1.471781 0.001983 
1.472364 0.001973 
1.472946 0.001963 
1.473529 0.001953 
1.474111 0.001943 
1.474694 0.001933 
1.475276 0.001923 
1.475858 0.001913 
1.476441 0.001903 
1.477023 0.001893 
1.477605 0.001883 
1.478187 0.001873 
1.478769 0.001863 
1.479351 0.001853 
1.479934 0.001843 
1.480516 0.001833 
1.481098 0.001823 
1.481679 0.001813 
1.482261 0.001803 
1.482843 0.001793 
1.483425 0.001783 
1.484007 0.001773 
1.484589 0.001763 
1.485170 0.001753 
1.485752 0.001743 
1.486334 0.001733 
1.486915 0.001723 
1.487497 0.001713 
1.488079 0.001703 
1.488660 0.001693 
1.489242 0.001683 
1.489823 0.001673 
1.490405 0.001663 
1.490986 0.001653 
1.491567 0.001643 
1.492149 0.001633 
1.492730 0.001623 
1.493311 0.001613 
1.493893 0.001603 
1.494474 0.001593 
1.495055 0.001583 
1.495636 0.001573 
1.496217 0.001563 
1.496798 0.001553 
1.497379 0.001543 
1.497960 0.001533 
1.498541 0.001523 
1.499122 0.001513 
1.499703 0.001503 
1.500284 0.001493 
1.500865 0.001483 
1.501446 0.001473 
1.502027 0.001463 
1.502608 0.001453 
1.503189 0.001443 
1.503769 0.001433 
1.504350 0.001423 
1.504931 0.001413 
1.505511 0.001403 
1.506092 0.001393 
1.506673 0.001383 
1.507253 0.001373 
1.507834 0.001363 
1.508414 0.001353 
1.508995 0.001343 
1.509575 0.001333 
1.510156 0.001323 
1.510736 0.001313 
1.511317 0.001303 
1.511897 0.001293 
1.512477 0.001283 
1.513058 0.001273 
1.513638 0.001263 
1.514218 0.001253 
1.514799 0.001243 
1.515379 0.001233 
1.515959 0.001223 
1.516539 0.001213 
1.517119 0.001203 
1.517700 0.001193 
1.518280 0.001183 
1.518860 0.001173 
1.519440 0.001163 
1.520020 0.001153 
1.520600 0.001143 
1.521180 0.001133 
1.521760 0.001123 
1.522340 0.001113 
1.522920 0.001103 
1.523500 0.001093 
1.524080 0.001083 
1.524660 0.001073 
1.525240 0.001063 
1.525819 0.001053 
1.526399 0.001043 
1.526979 0.001033 
1.527559 0.001023 
1.528139 0.001013 
1.528718 0.001003 
1.529298 0.000993 
1.529878 0.000983 
1.530457 0.000973 
1.531037 0.000963 
1.531617 0.000953 
1.532196 0.000943 
1.532776 0.000933 
1.533356 0.000923 
1.533935 0.000913 
1.534515 0.000903 
1.535094 0.000893 
1.535674 0.000883 
1.536253 0.000873 
1.536833 0.000863 
1.537412 0.000853 
1.537992 0.000843 
1.538571 0.000833 
1.539151 0.000823 
1.539730 0.000813 
1.540310 0.000803 
1.540889 0.000793 
1.541468 0.000783 
1.542048 0.000773 
1.542627 0.000763 
1.543206 0.000753 
1.543786 0.000743 
1.544365 0.000733 
1.544944 0.000723 
1.545524 0.000713 
1.546103 0.000703 
1.546682 0.000693 
1.547261 0.000683 
1.547840 0.000673 
1.548420 0.000663 
1.548999 0.000653 
1.549578 0.000643 
1.550157 0.000633 
1.550736 0.000623 
1.551316 0.000613 
1.551895 0.000603 
1.552474 0.000593 
1.553053 0.000583 
1.553632 0.000573 
1.554211 0.000563 
1.554790 0.000553 
1.555369 0.000543 
1.555948 0.000533 
1.556527 0.000523 
1.557106 0.000513 
1.557685 0.000503 
1.558264 0.000493 
1.558843 0.000483 
1.559422 0.000473 
1.560001 0.000463 
1.560580 0.000453 
1.561159 0.000443 
1.561738 0.000433 
1.562317 0.000423 
1.562896 0.000413 
1.563475 0.000403 
1.564054 0.000393 
1.564633 0.000383 
1.565212 0.000373 
1.565791 0.000363 
1.566370 0.000353 
1.566949 0.000343 
1.567528 0.000333 
1.568106 0.000323 
1.568685 0.000313 
1.569264 0.000303 
1.569843 0.000293 
1.570422 0.000283 
1.571001 0.000273 
1.571580 0.000263 
1.572158 0.000253 
1.572737 0.000243 
1.573316 0.000233 
1.573895 0.000223 
1.574474 0.000213 
1.575053 0.000203 
1.575631 0.000193 
1.576210 0.000183 
1.576789 0.000173 
1.577368 0.000163 
1.577947 0.000153 
1.578525 0.000143 
1.579104 0.000133 
1.579683 0.000123 
1.580262 0.000113 
1.580841 0.000103 
1.581419 0.000093 
1.581998 0.000083 
1.582577 0.000073 
1.583156 0.000063 
1.583735 0.000053 
1.584313 0.000043 
1.584892 0.000033 
1.585471 0.000023 
1.586050 0.000013 
1.586629 0.000003 
1.587207 -0.000007 
1.587786 -0.000017 
1.588365 -0.000027 
1.588944 -0.000037 
1.589522 -0.000047 
1.590101 -0.000057 
1.590680 -0.000067 
1.591259 -0.000077 
1.591838 -0.000087 
1.592416 -0.000097 
1.592995 -0.000107 
1.593574 -0.000117 
1.594153 -0.000127 
1.594732 -0.000137 
1.595310 -0.000147 
1.595889 -0.000157 
1.596468 -0.000167 
1.597047 -0.000177 
1.597626 -0.000187 
1.598204 -0.000197 
1.598783 -0.000207 
1.599362 -0.000217 
1.599941 -0.000227 
1.600520 -0.000237 
1.601099 -0.000247 
1.601677 -0.000257 
1.602256 -0.000267 
1.602835 -0.000277 
1.603414 -0.000287 
1.603993 -0.000297 
1.604572 -0.000307 
1.605151 -0.000317 
1.605729 -0.000327 
1.606308 -0.000337 
1.606887 -0.000347 
1.607466 -0.000357 
1.608045 -0.000367 
1.608624 -0.000377 
1.609203 -0.000387 
1.609782 -0.000397 
1.610361 -0.000407 
1.610940 -0.000417 
1.611519 -0.000427 
1.612098 -0.000437 
1.612677 -0.000447 
1.613256 -0.000457 
1.613835 -0.000467 
1.614414 -0.000477 
1.614993 -0.000487 
1.615572 -0.000497 
1.616151 -0.000507 
1.616730 -0.000517 
1.617309 -0.000527 
1.617888 -0.000537 
1.618467 -0.000547 
1.619046 -0.000557 
1.619625 -0.000567 
1.620204 -0.000577 
1.620783 -0.000587 
1.621362 -0.000597 
1.621941 -0.000607 
1.622520 -0.000617 
1.623100 -0.000627 
1.623679 -0.000637 
1.624258 -0.000647 
1.624837 -0.000657 
1.625416 -0.000667 
1.625996 -0.000677 
1.626575 -0.000687 
1.627154 -0.000697 
1.627733 -0.000707 
1.628313 -0.000717 
1.628892 -0.000727 
1.629471 -0.000737 
1.630050 -0.000747 
1.630630 -0.000757 
1.631209 -0.000767 
1.631788 -0.000777 
1.632368 -0.000787 
1.632947 -0.000797 
1.633527 -0.000807 
1.634106 -0.000817 
1.634685 -0.000827 
1.635265 -0.000837 
1.635844 -0.000847 
1.636424 -0.000857 
1.637003 -0.000867 
1.637583 -0.000877 
1.638162 -0.000887 
1.638742 -0.000897 
1.639321 -0.000907 
1.639901 -0.000917 
1.640481 -0.000927 
1.641060 -0.000937 
1.641640 -0.000947 
1.642219 -0.000957 
1.642799 -0.000967 
1.643379 -0.000977 
1.643958 -0.000987 
1.644538 -0.000997 
1.645118 -0.001007 
1.645698 -0.001017 
1.646277 -0.001027 
1.646857 -0.001037 
1.647437 -0.001047 
1.648017 -0.001057 
1.648597 -0.001067 
1.649177 -0.001077 
1.649757 -0.001087 
1.650336 -0.001097 
1.650916 -0.001107 
1.651496 -0.001117 
1.652076 -0.001127 
1.652656 -0.001137 
1.653236 -0.001147 
1.653816 -0.001157 
1.654397 -0.001167 
1.654977 -0.001177 
1.655557 -0.001187 
1.656137 -0.001197 
1.656717 -0.001207 
1.657297 -0.001217 
1.657877 -0.001227 
1.658458 -0.001237 
1.659038 -0.001247 
1.659618 -0.001257 
1.660198 -0.001267 
1.660779 -0.001277 
1.661359 -0.001287 
1.661940 -0.001297 
1.662520 -0.001307 
1.663100 -0.001317 
1.663681 -0.001327 
1.664261 -0.001337 
1.664842 -0.001347 
1.665422 -0.001357 
1.666003 -0.001367 
1.666583 -0.001377 
1.667164 -0.001387 
1.667745 -0.001397 
1.668325 -0.001407 
1.668906 -0.001417 
1.669487 -0.001427 
1.670068 -0.001437 
1.670648 -0.001447 
1.671229 -0.001457 
1.671810 -0.001467 
1.672391 -0.001477 
1.672972 -0.001487 
1.673553 -0.001497 
1.674133 -0.001507 
1.674714 -0.001517 
1.675295 -0.001527 
1.675876 -0.001537 
1.676458 -0.001547 
1.677039 -0.001557 
1.677620 -0.001567 
1.678201 -0.001577 
1.678782 -0.001587 
1.679363 -0.001597 
1.679944 -0.001607 
1.680526 -0.001617 
1.681107 -0.001627 
1.681688 -0.001637 
1.682270 -0.001647 
1.682851 -0.001657 
1.683433 -0.001667 
1.684014 -0.001677 
1.684596 -0.001687 
1.685177 -0.001697 
1.685759 -0.001707 
1.686340 -0.001717 
1.686922 -0.001727 
1.687503 -0.001737 
1.688085 -0.001747 
1.688667 -0.001757 
1.689249 -0.001767 
1.689830 -0.001777 
1.690412 -0.001787 
1.690994 -0.001797 
1.691576 -0.001807 
1.692158 -0.001817 
1.692740 -0.001827 
1.693322 -0.001837 
1.693904 -0.001847 
1.694486 -0.001857 
1.695068 -0.001867 
1.695650 -0.001877 
1.696232 -0.001887 
1.696815 -0.001897 
1.697397 -0.001907 
1.697979 -0.001917 
1.698561 -0.001927 
1.699144 -0.001937 
1.699726 -0.001947 
1.700309 -0.001957 
1.700891 -0.001967 
1.701474 -0.001977 
1.702056 -0.001987 
1.702639 -0.001997 
1.703221 -0.002007 
1.703804 -0.002017 
1.704387 -0.002027 
1.704970 -0.002037 
1.705552 -0.002047 
1.706135 -0.002057 
1.706718 -0.002067 
1.707301 -0.002077 
1.707884 -0.002087 
1.708467 -0.002097 
1.709050 -0.002107 
1.709633 -0.002117 
1.710216 -0.002127 
1.710799 -0.002137 
1.711382 -0.002147 
1.711966 -0.002157 
1.712549 -0.002167 
1.713132 -0.002177 
1.713716 -0.002187 
1.714299 -0.002197 
1.714883 -0.002207 
1.715466 -0.002217 
1.716050 -0.002227 
1.716633 -0.002237 
1.717217 -0.002247 
1.717800 -0.002257 
1.718384 -0.002267 
1.718968 -0.002277 
1.719552 -0.002287 
1.720135 -0.002297 
1.720719 -0.002307 
1.721303 -0.002317 
1.721887 -0.002327 
1.722471 -0.002337 
1.723055 -0.002347 
1.723639 -0.002357 
1.724224 -0.002367 
1.724808 -0.002377 
1.725392 -0.002387 
1.725976 -0.002397 
1.726561 -0.002407 
1.727145 -0.002417 
1.727730 -0.002427 
1.728314 -0.002437 
1.728899 -0.002447 
1.729483 -0.002457 
1.730068 -0.002467 
1.730652 -0.002477 
1.731237 -0.002487 
1.731822 -0.002497 
1.732407 -0.002507 
1.732992 -0.002517 
1.733577 -0.002527 
1.734162 -0.002537 
1.734747 -0.002547 
1.735332 -0.002557 
1.735917 -0.002567 
1.736502 -0.002577 
1.737087 -0.002587 
1.737672 -0.002597 
1.738258 -0.002607 
1.738843 -0.002617 
1.739429 -0.002627 
1.740014 -0.002637 
1.740600 -0.002647 
1.741185 -0.002657 
1.741771 -0.002667 
1.742357 -0.002677 
1.742942 -0.002687 
1.743528 -0.002697 
1.744114 -0.002707 
1.744700 -0.002717 
1.745286 -0.002727 
1.745872 -0.002737 
1.746458 -0.002747 
1.747044 -0.002757 
1.747630 -0.002767 
1.748216 -0.002777 
1.748803 -0.002787 
1.749389 -0.002797 
1.749975 -0.002807 
1.750562 -0.002817 
1.751148 -0.002827 
1.751735 -0.002837 
1.752321 -0.002847 
1.752908 -0.002857 
1.753495 -0.002867 
1.754082 -0.002877 
1.754668 -0.002887 
1.755255 -0.002897 
1.755842 -0.002907 
1.756429 -0.002917 
1.757016 -0.002927 
1.757604 -0.002937 
1.758191 -0.002947 
1.758778 -0.002957 
1.759365 -0.002967 
1.759953 -0.002977 
1.760540 -0.002987 
1.761128 -0.002997 
1.761715 -0.003007 
1.762303 -0.003017 
1.762890 -0.003027 
1.763478 -0.003037 
1.764066 -0.003047 
1.764654 -0.003057 
1.765242 -0.003067 
1.765830 -0.003077 
1.766418 -0.003087 
1.767006 -0.003097 
1.767594 -0.003107 
1.768182 -0.003117 
1.768770 -0.003127 
1.769359 -0.003137 
1.769947 -0.003147 
1.770536 -0.003157 
1.771124 -0.003167 
1.771713 -0.003177 
1.772301 -0.003187 
1.772890 -0.003197 
1.773479 -0.003207 
1.774068 -0.003217 
1.774657 -0.003227 
1.775246 -0.003237 
1.775835 -0.003247 
1.776424 -0.003257 
1.777013 -0.003267 
1.777602 -0.003277 
1.778191 -0.003287 
1.778781 -0.003297 
1.779370 -0.003307 
1.779960 -0.003317 
1.780549 -0.003327 
1.781139 -0.003337 
1.781729 -0.003347 
1.782318 -0.003357 
1.782908 -0.003367 
1.783498 -0.003377 
1.784088 -0.003387 
1.784678 -0.003397 
1.785268 -0.003407 
1.785858 -0.003417 
1.786449 -0.003427 
1.787039 -0.003437 
1.787629 -0.003447 
1.788220 -0.003457 
1.788810 -0.003467 
1.789401 -0.003477 
1.789991 -0.003487 
1.790582 -0.003497 
1.791173 -0.003507 
1.791764 -0.003517 
1.792355 -0.003527 
1.792946 -0.003537 
1.793537 -0.003547 
1.794128 -0.003557 
1.794719 -0.003567 
1.795311 -0.003577 
1.795902 -0.003587 
1.796493 -0.003597 
1.797085 -0.003607 
1.797677 -0.003617 
1.798268 -0.003627 
1.798860 -0.003637 
1.799452 -0.003647 
1.800044 -0.003657 
1.800636 -0.003667 
1.801228 -0.003677 
1.801820 -0.003687 
1.802412 -0.003697 
1.803004 -0.003707 
1.803597 -0.003717 
1.804189 -0.003727 
1.804781 -0.003737 
1.805374 -0.003747 
1.805967 -0.003757 
1.806559 -0.003767 
1.807152 -0.003777 
1.807745 -0.003787 
1.808338 -0.003797 
1.808931 -0.003807 
1.809524 -0.003817 
1.810117 -0.003827 
1.810711 -0.003837 
1.811304 -0.003847 
1.811897 -0.003857 
1.812491 -0.003867 
1.813084 -0.003877 
1.813678 -0.003887 
1.814272 -0.003897 
1.814866 -0.003907 
1.815460 -0.003917 
1.816053 -0.003927 
1.816648 -0.003937 
1.817242 -0.003947 
1.817836 -0.003957 
1.818430 -0.003967 
1.819025 -0.003977 
1.819619 -0.003987 
1.820214 -0.003997 
1.820808 -0.004007 
1.821403 -0.004017 
1.821998 -0.004027 
1.822593 -0.004037 
1.823188 -0.004047 
1.823783 -0.004057 
1.824378 -0.004067 
1.824973 -0.004077 
1.825568 -0.004087 
1.826164 -0.004097 
1.826759 -0.004107 
1.827355 -0.004117 
1.827950 -0.004127 
1.828546 -0.004137 
1.829142 -0.004147 
1.829738 -0.004157 
1.830334 -0.004167 
1.830930 -0.004177 
1.831526 -0.004187 
1.832122 -0.004197 
1.832718 -0.004207 
1.833315 -0.004217 
1.833911 -0.004227 
1.834508 -0.004237 
1.835105 -0.004247 
1.835701 -0.004257 
1.836298 -0.004267 
1.836895 -0.004277 
1.837492 -0.004287 
1.838089 -0.004297 
1.838687 -0.004307 
1.839284 -0.004317 
1.839881 -0.004327 
1.840479 -0.004337 
1.841076 -0.004347 
1.841674 -0.004357 
1.842272 -0.004367 
1.842870 -0.004377 
1.843468 -0.004387 
1.844066 -0.004397 
1.844664 -0.004407 
1.845262 -0.004417 
1.845860 -0.004427 
1.846459 -0.004437 
1.847057 -0.004447 
1.847656 -0.004457 
1.848254 -0.004467 
1.848853 -0.004477 
1.849452 -0.004487 
1.850051 -0.004497 
1.850650 -0.004507 
1.851249 -0.004517 
1.851848 -0.004527 
1.852448 -0.004537 
1.853047 -0.004547 
1.853647 -0.004557 
1.854246 -0.004567 
1.854846 -0.004577 
1.855446 -0.004587 
1.856046 -0.004597 
1.856646 -0.004607 
1.857246 -0.004617 
1.857846 -0.004627 
1.858447 -0.004637 
1.859047 -0.004647 
1.859648 -0.004657 
1.860248 -0.004667 
1.860849 -0.004677 
1.861450 -0.004687 
1.862051 -0.004697 
1.862652 -0.004707 
1.863253 -0.004717 
1.863854 -0.004727 
1.864455 -0.004737 
1.865057 -0.004747 
1.865658 -0.004757 
1.866260 -0.004767 
1.866861 -0.004777 
1.867463 -0.004787 
1.868065 -0.004797 
1.868667 -0.004807 
1.869269 -0.004817 
1.869872 -0.004827 
1.870474 -0.004837 
1.871076 -0.004847 
1.871679 -0.004857 
1.872282 -0.004867 
1.872884 -0.004877 
1.873487 -0.004887 
1.874090 -0.004897 
1.874693 -0.004907 
1.875296 -0.004917 
1.875900 -0.004927 
1.876503 -0.004937 
1.877106 -0.004947 
1.877710 -0.004957 
1.878314 -0.004967 
1.878918 -0.004977 
1.879521 -0.004987 
1.880125 -0.004997 
1.880730 -0.005007 
1.881334 -0.005017 
1.881938 -0.005027 
1.882543 -0.005037 
1.883147 -0.005047 
1.883752 -0.005057 
1.884357 -0.005067 
1.884962 -0.005077 
1.885567 -0.005087 
1.886172 -0.005097 
1.886777 -0.005107 
1.887382 -0.005117 
1.887988 -0.005127 
1.888593 -0.005137 
1.889199 -0.005147 
1.889805 -0.005157 
1.890411 -0.005167 
1.891017 -0.005177 
1.891623 -0.005187 
1.892229 -0.005197 
1.892835 -0.005207 
1.893442 -0.005217 
1.894048 -0.005227 
1.894655 -0.005237 
1.895262 -0.005247 
1.895869 -0.005257 
1.896476 -0.005267 
1.897083 -0.005277 
1.897690 -0.005287 
1.898298 -0.005297 
1.898905 -0.005307 
1.899513 -0.005317 
1.900120 -0.005327 
1.900728 -0.005337 
1.901336 -0.005347 
1.901944 -0.005357 
1.902553 -0.005367 
1.903161 -0.005377 
1.903769 -0.005387 
1.904378 -0.005397 
1.904987 -0.005407 
1.905595 -0.005417 
1.906204 -0.005427 
1.906813 -0.005437 
1.907422 -0.005447 
1.908032 -0.005457 
1.908641 -0.005467 
1.909251 -0.005477 
1.909860 -0.005487 
1.910470 -0.005497 
1.911080 -0.005507 
1.911690 -0.005517 
1.912300 -0.005527 
1.912910 -0.005537 
1.913521 -0.005547 
1.914131 -0.005557 
1.914742 -0.005567 
1.915353 -0.005577 
1.915963 -0.005587 
1.916574 -0.005597 
1.917186 -0.005607 
1.917797 -0.005617 
1.918408 -0.005627 
1.919020 -0.005637 
1.919631 -0.005647 
1.920243 -0.005657 
1.920855 -0.005667 
1.921467 -0.005677 
1.922079 -0.005687 
1.922691 -0.005697 
1.923304 -0.005707 
1.923916 -0.005717 
1.924529 -0.005727 
1.925142 -0.005737 
1.925755 -0.005747 
1.926368 -0.005757 
1.926981 -0.005767 
1.927594 -0.005777 
1.928208 -0.005787 
1.928821 -0.005797 
1.929435 -0.005807 
1.930049 -0.005817 
1.930663 -0.005827 
1.931277 -0.005837 
1.931891 -0.005847 
1.932505 -0.005857 
1.933120 -0.005867 
1.933734 -0.005877 
1.934349 -0.005887 
1.934964 -0.005897 
1.935579 -0.005907 
1.936194 -0.005917 
1.936809 -0.005927 
1.937425 -0.005937 
1.938040 -0.005947 
1.938656 -0.005957 
1.939272 -0.005967 
1.939888 -0.005977 
1.940504 -0.005987 
1.941120 -0.005997 
1.941737 -0.006007 
1.942353 -0.006017 
1.942970 -0.006027 
1.943587 -0.006037 
1.944204 -0.006047 
1.944821 -0.006057 
1.945438 -0.006067 
1.946055 -0.006077 
1.946673 -0.006087 
1.947290 -0.006097 
1.947908 -0.006107 
1.948526 -0.006117 
1.949144 -0.006127 
1.949762 -0.006137 
1.950381 -0.006147 
1.950999 -0.006157 
1.951618 -0.006167 
1.952236 -0.006177 
1.952855 -0.006187 
1.953474 -0.006197 
1.954094 -0.006207 
1.954713 -0.006217 
1.955333 -0.006227 
1.955952 -0.006237 
1.956572 -0.006247 
1.957192 -0.006257 
1.957812 -0.006267 
1.958432 -0.006277 
1.959053 -0.006287 
1.959673 -0.006297 
1.960294 -0.006307 
1.960915 -0.006317 
1.961535 -0.006327 
1.962157 -0.006337 
1.962778 -0.006347 
1.963399 -0.006357 
1.964021 -0.006367 
1.964642 -0.006377 
1.965264 -0.006387 
1.965886 -0.006397 
1.966509 -0.006407 
1.967131 -0.006417 
1.967753 -0.006427 
1.968376 -0.006437 
1.968999 -0.006447 
1.969622 -0.006457 
1.970245 -0.006467 
1.970868 -0.006477 
1.971491 -0.006487 
1.972115 -0.006497 
1.972738 -0.006507 
1.973362 -0.006517 
1.973986 -0.006527 
1.974610 -0.006537 
1.975235 -0.006547 
1.975859 -0.006557 
1.976484 -0.006567 
1.977109 -0.006577 
1.977734 -0.006587 
1.978359 -0.006597 
1.978984 -0.006607 
1.979609 -0.006617 
1.980235 -0.006627 
1.980861 -0.006637 
1.981486 -0.006647 
1.982112 -0.006657 
1.982739 -0.006667 
1.983365 -0.006677 
1.983992 -0.006687 
1.984618 -0.006697 
1.985245 -0.006707 
1.985872 -0.006717 
1.986499 -0.006727 
1.987127 -0.006737 
1.987754 -0.006747 
1.988382 -0.006757 
1.989010 -0.006767 
1.989638 -0.006777 
1.990266 -0.006787 
1.990894 -0.006797 
1.991523 -0.006807 
1.992151 -0.006817 
1.992780 -0.006827 
1.993409 -0.006837 
1.994038 -0.006847 
1.994667 -0.006857 
1.995297 -0.006867 
1.995927 -0.006877 
1.996556 -0.006887 
1.997186 -0.006897 
1.997817 -0.006907 
1.998447 -0.006917 
1.999077 -0.006927 
1.999708 -0.006937 
2.000339 -0.006947 
2.000970 -0.006957 
2.001601 -0.006967 
2.002232 -0.006977 
2.002864 -0.006987 
2.003496 -0.006997 
2.004128 -0.007007 
2.004760 -0.007017 
2.005392 -0.007027 
2.006024 -0.007037 
2.006657 -0.007047 
2.007290 -0.007057 
2.007922 -0.007067 
2.008556 -0.007077 
2.009189 -0.007087 
2.009822 -0.007097 
2.010456 -0.007107 
2.011090 -0.007117 
2.011724 -0.007127 
2.012358 -0.007137 
2.012992 -0.007147 
2.013627 -0.007157 
2.014261 -0.007167 
2.014896 -0.007177 
2.015531 -0.007187 
2.016166 -0.007197 
2.016802 -0.007207 
2.017437 -0.007217 
2.018073 -0.007227 
2.018709 -0.007237 
2.019345 -0.007247 
2.019982 -0.007257 
2.020618 -0.007267 
2.021255 -0.007277 
2.021892 -0.007287 
2.022529 -0.007297 
2.023166 -0.007307 
2.023803 -0.007317 
2.024441 -0.007327 
2.025079 -0.007337 
2.025717 -0.007347 
2.026355 -0.007357 
2.026993 -0.007367 
2.027632 -0.007377 
2.028271 -0.007387 
2.028910 -0.007397 
2.029549 -0.007407 
2.030188 -0.007417 
2.030828 -0.007427 
2.031467 -0.007437 
2.032107 -0.007447 
2.032747 -0.007457 
2.033387 -0.007467 
2.034028 -0.007477 
2.034668 -0.007487 
2.035309 -0.007497 
2.035950 -0.007507 
2.036592 -0.007517 
2.037233 -0.007527 
2.037875 -0.007537 
2.038516 -0.007547 
2.039158 -0.007557 
2.039801 -0.007567 
2.040443 -0.007577 
2.041086 -0.007587 
2.041728 -0.007597 
2.042371 -0.007607 
2.043015 -0.007617 
2.043658 -0.007627 
2.044302 -0.007637 
2.044945 -0.007647 
2.045589 -0.007657 
2.046234 -0.007667 
2.046878 -0.007677 
2.047522 -0.007687 
2.048167 -0.007697 
2.048812 -0.007707 
2.049457 -0.007717 
2.050103 -0.007727 
2.050748 -0.007737 
2.051394 -0.007747 
2.052040 -0.007757 
2.052687 -0.007767 
2.053333 -0.007777 
2.053980 -0.007787 
2.054626 -0.007797 
2.055273 -0.007807 
2.055921 -0.007817 
2.056568 -0.007827 
2.057216 -0.007837 
2.057864 -0.007847 
2.058512 -0.007857 
2.059160 -0.007867 
2.059809 -0.007877 
2.060457 -0.007887 
2.061106 -0.007897 
2.061755 -0.007907 
2.062405 -0.007917 
2.063054 -0.007927 
2.063704 -0.007937 
2.064354 -0.007947 
2.065004 -0.007957 
2.065655 -0.007967 
2.066305 -0.007977 
2.066956 -0.007987 
2.067607 -0.007997 
2.068258 -0.008007 
2.068910 -0.008017 
2.069562 -0.008027 
2.070214 -0.008037 
2.070866 -0.008047 
2.071518 -0.008057 
2.072171 -0.008067 
2.072823 -0.008077 
2.073476 -0.008087 
2.074130 -0.008097 
2.074783 -0.008107 
2.075437 -0.008117 
2.076091 -0.008127 
2.076745 -0.008137 
2.077399 -0.008147 
2.078054 -0.008157 
2.078709 -0.008167 
2.079364 -0.008177 
2.080019 -0.008187 
2.080674 -0.008197 
2.081330 -0.008207 
2.081986 -0.008217 
2.082642 -0.008227 
2.083299 -0.008237 
2.083955 -0.008247 
2.084612 -0.008257 
2.085269 -0.008267 
2.085927 -0.008277 
2.086584 -0.008287 
2.087242 -0.008297 
2.087900 -0.008307 
2.088558 -0.008317 
2.089217 -0.008327 
2.089875 -0.008337 
2.090534 -0.008347 
2.091193 -0.008357 
2.091853 -0.008367 
2.092512 -0.008377 
2.093172 -0.008387 
2.093832 -0.008397 
2.094493 -0.008407 
2.095153 -0.008417 
2.095814 -0.008427 
2.096475 -0.008437 
2.097136 -0.008447 
2.097798 -0.008457 
2.098460 -0.008467 
2.099122 -0.008477 
2.099784 -0.008487 
2.100447 -0.008497 
2.101109 -0.008507 
2.101772 -0.008517 
2.102435 -0.008527 
2.103099 -0.008537 
2.103763 -0.008547 
2.104427 -0.008557 
2.105091 -0.008567 
2.105755 -0.008577 
2.106420 -0.008587 
2.107085 -0.008597 
2.107750 -0.008607 
2.108416 -0.008617 
2.109081 -0.008627 
2.109747 -0.008637 
2.110413 -0.008647 
2.111080 -0.008657 
2.111747 -0.008667 
2.112414 -0.008677 
2.113081 -0.008687 
2.113748 -0.008697 
2.114416 -0.008707 
2.115084 -0.008717 
2.115752 -0.008727 
2.116421 -0.008737 
2.117089 -0.008747 
2.117758 -0.008757 
2.118427 -0.008767 
2.119097 -0.008777 
2.119767 -0.008787 
2.120437 -0.008797 
2.121107 -0.008807 
2.121778 -0.008817 
2.122448 -0.008827 
2.123119 -0.008837 
2.123791 -0.008847 
2.124462 -0.008857 
2.125134 -0.008867 
2.125806 -0.008877 
2.126479 -0.008887 
2.127151 -0.008897 
2.127824 -0.008907 
2.128497 -0.008917 
2.129171 -0.008927 
2.129844 -0.008937 
2.130518 -0.008947 
2.131193 -0.008957 
2.131867 -0.008967 
2.132542 -0.008977 
2.133217 -0.008987 
2.133892 -0.008997 
2.134568 -0.009007 
2.135244 -0.009017 
2.135920 -0.009027 
2.136596 -0.009037 
2.137273 -0.009047 
2.137950 -0.009057 
2.138627 -0.009067 
2.139305 -0.009077 
2.139983 -0.009087 
2.140661 -0.009097 
2.141339 -0.009107 
2.142018 -0.009117 
2.142696 -0.009127 
2.143376 -0.009137 
2.144055 -0.009147 
2.144735 -0.009157 
2.145415 -0.009167 
2.146095 -0.009177 
2.146776 -0.009187 
2.147457 -0.009197 
2.148138 -0.009207 
2.148819 -0.009217 
2.149501 -0.009227 
2.150183 -0.009237 
2.150865 -0.009247 
2.151548 -0.009257 
2.152231 -0.009267 
2.152914 -0.009277 
2.153597 -0.009287 
2.154281 -0.009297 
2.154965 -0.009307 
2.155650 -0.009317 
2.156334 -0.009327 
2.157019 -0.009337 
2.157704 -0.009347 
2.158390 -0.009357 
2.159076 -0.009367 
2.159762 -0.009377 
2.160448 -0.009387 
2.161135 -0.009397 
2.161822 -0.009407 
2.162509 -0.009417 
2.163197 -0.009427 
2.163885 -0.009437 
2.164573 -0.009447 
2.165261 -0.009457 
2.165950 -0.009467 
2.166639 -0.009477 
2.167329 -0.009487 
2.168018 -0.009497 
2.168708 -0.009507 
2.169399 -0.009517 
2.170089 -0.009527 
2.170780 -0.009537 
2.171472 -0.009547 
2.172163 -0.009557 
2.172855 -0.009567 
2.173547 -0.009577 
2.174240 -0.009587 
2.174933 -0.009597 
2.175626 -0.009607 
2.176319 -0.009617 
2.177013 -0.009627 
2.177707 -0.009637 
2.178401 -0.009647 
2.179096 -0.009657 
2.179791 -0.009667 
2.180486 -0.009677 
2.181182 -0.009687 
2.181878 -0.009697 
2.182574 -0.009707 
2.183271 -0.009717 
2.183968 -0.009727 
2.184665 -0.009737 
2.185363 -0.009747 
2.186060 -0.009757 
2.186759 -0.009767 
2.187457 -0.009777 
2.188156 -0.009787 
2.188855 -0.009797 
2.189555 -0.009807 
2.190255 -0.009817 
2.190955 -0.009827 
2.191655 -0.009837 
2.192356 -0.009847 
2.193058 -0.009857 
2.193759 -0.009867 
2.194461 -0.009877 
2.195163 -0.009887 
2.195866 -0.009897 
2.196569 -0.009907 
2.197272 -0.009917 
2.197975 -0.009927 
2.198679 -0.009937 
2.199383 -0.009947 
2.200088 -0.009957 
2.200793 -0.009967 
2.201498 -0.009977 
2.202204 -0.009987 
2.202910 -0.009997 
2.203616 -0.010007 
2.204322 -0.010017 
2.205029 -0.010027 
2.205737 -0.010037 
2.206444 -0.010047 
2.207152 -0.010057 
2.207861 -0.010067 
2.208570 -0.010077 
2.209279 -0.010087 
2.209988 -0.010097 
2.210698 -0.010107 
2.211408 -0.010117 
2.212118 -0.010127 
2.212829 -0.010137 
2.213540 -0.010147 
2.214252 -0.010157 
2.214964 -0.010167 
2.215676 -0.010177 
2.216389 -0.010187 
2.217102 -0.010197 
2.217815 -0.010207 
2.218529 -0.010217 
2.219243 -0.010227 
2.219957 -0.010237 
2.220672 -0.010247 
2.221387 -0.010257 
2.222103 -0.010267 
2.222819 -0.010277 
2.223535 -0.010287 
2.224252 -0.010297 
2.224969 -0.010307 
2.225686 -0.010317 
2.226404 -0.010327 
2.227122 -0.010337 
2.227841 -0.010347 
2.228560 -0.010357 
2.229279 -0.010367 
2.229999 -0.010377 
2.230719 -0.010387 
2.231439 -0.010397 
2.232160 -0.010407 
2.232881 -0.010417 
2.233603 -0.010427 
2.234325 -0.010437 
2.235047 -0.010447 
2.235770 -0.010457 
2.236493 -0.010467 
2.237216 -0.010477 
2.237940 -0.010487 
2.238664 -0.010497 
2.239389 -0.010507 
2.240114 -0.010517 
2.240840 -0.010527 
2.241566 -0.010537 
2.242292 -0.010547 
2.243018 -0.010557 
2.243745 -0.010567 
2.244473 -0.010577 
2.245201 -0.010587 
2.245929 -0.010597 
2.246658 -0.010607 
2.247387 -0.010617 
2.248116 -0.010627 
2.248846 -0.010637 
2.249576 -0.010647 
2.250307 -0.010657 
2.251038 -0.010667 
2.251769 -0.010677 
2.252501 -0.010687 
2.253234 -0.010697 
2.253966 -0.010707 
2.254699 -0.010717 
2.255433 -0.010727 
2.256167 -0.010737 
2.256901 -0.010747 
2.257636 -0.010757 
2.258371 -0.010767 
2.259107 -0.010777 
2.259843 -0.010787 
2.260579 -0.010797 
2.261316 -0.010807 
2.262054 -0.010817 
2.262791 -0.010827 
2.263530 -0.010837 
2.264268 -0.010847 
2.265007 -0.010857 
2.265747 -0.010867 
2.266487 -0.010877 
2.267227 -0.010887 
2.267968 -0.010897 
2.268709 -0.010907 
2.269450 -0.010917 
2.270192 -0.010927 
2.270935 -0.010937 
2.271678 -0.010947 
2.272421 -0.010957 
2.273165 -0.010967 
2.273909 -0.010977 
2.274654 -0.010987 
2.275399 -0.010997 
2.276145 -0.011007 
2.276891 -0.011017 
2.277637 -0.011027 
2.278384 -0.011037 
2.279132 -0.011047 
2.279879 -0.011057 
2.280628 -0.011067 
2.281377 -0.011077 
2.282126 -0.011087 
2.282875 -0.011097 
2.283626 -0.011107 
2.284376 -0.011117 
2.285127 -0.011127 
2.285879 -0.011137 
2.286631 -0.011147 
2.287383 -0.011157 
2.288136 -0.011167 
2.288889 -0.011177 
2.289643 -0.011187 
2.290397 -0.011197 
2.291152 -0.011207 
2.291908 -0.011217 
2.292663 -0.011227 
2.293419 -0.011237 
2.294176 -0.011247 
2.294933 -0.011257 
2.295691 -0.011267 
2.296449 -0.011277 
2.297208 -0.011287 
2.297967 -0.011297 
2.298726 -0.011307 
2.299486 -0.011317 
2.300247 -0.011327 
2.301008 -0.011337 
2.301769 -0.011347 
2.302531 -0.011357 
2.303294 -0.011367 
2.304057 -0.011377 
2.304820 -0.011387 
2.305584 -0.011397 
2.306349 -0.011407 
2.307114 -0.011417 
2.307879 -0.011427 
2.308645 -0.011437 
2.309412 -0.011447 
2.310179 -0.011457 
2.310946 -0.011467 
2.311714 -0.011477 
2.312483 -0.011487 
2.313252 -0.011497 
2.314022 -0.011507 
2.314792 -0.011517 
2.315562 -0.011527 
2.316333 -0.011537 
2.317105 -0.011547 
2.317877 -0.011557 
2.318650 -0.011567 
2.319423 -0.011577 
2.320197 -0.011587 
2.320971 -0.011597 
2.321746 -0.011607 
2.322521 -0.011617 
2.323297 -0.011627 
2.324073 -0.011637 
2.324850 -0.011647 
2.325627 -0.011657 
2.326405 -0.011667 
2.327184 -0.011677 
2.327963 -0.011687 
2.328743 -0.011697 
2.329523 -0.011707 
2.330303 -0.011717 
2.331085 -0.011727 
2.331866 -0.011737 
2.332649 -0.011747 
2.333432 -0.011757 
2.334215 -0.011767 
2.334999 -0.011777 
2.335784 -0.011787 
2.336569 -0.011797 
2.337354 -0.011807 
2.338140 -0.011817 
2.338927 -0.011827 
2.339715 -0.011837 
2.340503 -0.011847 
2.341291 -0.011857 
2.342080 -0.011867 
2.342870 -0.011877 
2.343660 -0.011887 
2.344451 -0.011897 
2.345242 -0.011907 
2.346034 -0.011917 
2.346826 -0.011927 
2.347620 -0.011937 
2.348413 -0.011947 
2.349208 -0.011957 
2.350002 -0.011967 
2.350798 -0.011977 
2.351594 -0.011987 
2.352390 -0.011997 
2.353188 -0.012007 
2.353986 -0.012017 
2.354784 -0.012027 
2.355583 -0.012037 
2.356383 -0.012047 
2.357183 -0.012057 
2.357984 -0.012067 
2.358785 -0.012077 
2.359587 -0.012087 
2.360390 -0.012097 
2.361193 -0.012107 
2.361997 -0.012117 
2.362801 -0.012127 
2.363607 -0.012137 
2.364412 -0.012147 
2.365219 -0.012157 
2.366026 -0.012167 
2.366833 -0.012177 
2.367642 -0.012187 
2.368450 -0.012197 
2.369260 -0.012207 
2.370070 -0.012217 
2.370881 -0.012227 
2.371692 -0.012237 
2.372504 -0.012247 
2.373317 -0.012257 
2.374131 -0.012267 
2.374945 -0.012277 
2.375759 -0.012287 
2.376575 -0.012297 
2.377390 -0.012307 
2.378207 -0.012317 
2.379024 -0.012327 
2.379842 -0.012337 
2.380661 -0.012347 
2.381480 -0.012357 
2.382300 -0.012367 
2.383121 -0.012377 
2.383942 -0.012387 
2.384764 -0.012397 
2.385587 -0.012407 
2.386410 -0.012417 
2.387234 -0.012427 
2.388059 -0.012437 
2.388884 -0.012447 
2.389710 -0.012457 
2.390537 -0.012467 
2.391364 -0.012477 
2.392192 -0.012487 
2.393021 -0.012497 
2.393850 -0.012507 
2.394681 -0.012517 
2.395512 -0.012527 
2.396343 -0.012537 
2.397175 -0.012547 
2.398008 -0.012557 
2.398842 -0.012567 
2.399677 -0.012577 
2.400512 -0.012587 
2.401348 -0.012597 
2.402184 -0.012607 
2.403022 -0.012617 
2.403860 -0.012627 
2.404699 -0.012637 
2.405538 -0.012647 
2.406378 -0.012657 
2.407219 -0.012667 
2.408061 -0.012677 
2.408904 -0.012687 
2.409747 -0.012697 
2.410591 -0.012707 
2.411435 -0.012717 
2.412281 -0.012727 
2.413127 -0.012737 
2.413974 -0.012747 
2.414822 -0.012757 
2.415670 -0.012767 
2.416520 -0.012777 
2.417370 -0.012787 
2.418221 -0.012797 
2.419072 -0.012807 
2.419924 -0.012817 
2.420778 -0.012827 
2.421632 -0.012837 
2.422486 -0.012847 
2.423342 -0.012857 
2.424198 -0.012867 
2.425055 -0.012877 
2.425913 -0.012887 
2.426772 -0.012897 
2.427631 -0.012907 
2.428491 -0.012917 
2.429352 -0.012927 
2.430214 -0.012937 
2.431077 -0.012947 
2.431941 -0.012957 
2.432805 -0.012967 
2.433670 -0.012977 
2.434536 -0.012987 
2.435403 -0.012997 
2.436270 -0.013007 
2.437139 -0.013017 
2.438008 -0.013027 
2.438878 -0.013037 
2.439749 -0.013047 
2.440621 -0.013057 
2.441494 -0.013067 
2.442367 -0.013077 
2.443242 -0.013087 
2.444117 -0.013097 
2.444993 -0.013107 
2.445870 -0.013117 
2.446748 -0.013127 
2.447627 -0.013137 
2.448506 -0.013147 
2.449387 -0.013157 
2.450268 -0.013167 
2.451151 -0.013177 
2.452034 -0.013187 
2.452918 -0.013197 
2.453803 -0.013207 
2.454688 -0.013217 
2.455575 -0.013227 
2.456463 -0.013237 
2.457351 -0.013247 
2.458241 -0.013257 
2.459131 -0.013267 
2.460022 -0.013277 
2.460915 -0.013287 
2.461808 -0.013297 
2.462702 -0.013307 
2.463597 -0.013317 
2.464493 -0.013327 
2.465390 -0.013337 
2.466287 -0.013347 
2.467186 -0.013357 
2.468086 -0.013367 
2.468987 -0.013377 
2.469888 -0.013387 
2.470791 -0.013397 
2.471694 -0.013407 
2.472599 -0.013417 
2.473504 -0.013427 
2.474411 -0.013437 
2.475318 -0.013447 
2.476227 -0.013457 
2.477136 -0.013467 
2.478047 -0.013477 
2.478958 -0.013487 
2.479871 -0.013497 
2.480784 -0.013507 
2.481698 -0.013517 
2.482614 -0.013527 
2.483530 -0.013537 
2.484448 -0.013547 
2.485366 -0.013557 
2.486286 -0.013567 
2.487207 -0.013577 
2.488128 -0.013587 
2.489051 -0.013597 
2.489975 -0.013607 
2.490899 -0.013617 
2.491825 -0.013627 
2.492752 -0.013637 
2.493680 -0.013647 
2.494609 -0.013657 
2.495539 -0.013667 
2.496471 -0.013677 
2.497403 -0.013687 
2.498336 -0.013697 
2.499271 -0.013707 
2.500206 -0.013717 
2.501143 -0.013727 
2.502081 -0.013737 
2.503020 -0.013747 
2.503960 -0.013757 
2.504901 -0.013767 
2.505843 -0.013777 
2.506786 -0.013787 
2.507731 -0.013797 
2.508677 -0.013807 
2.509623 -0.013817 
2.510571 -0.013827 
2.511520 -0.013837 
2.512471 -0.013847 
2.513422 -0.013857 
2.514375 -0.013867 
2.515329 -0.013877 
2.516284 -0.013887 
2.517240 -0.013897 
2.518197 -0.013907 
2.519156 -0.013917 
2.520115 -0.013927 
2.521076 -0.013937 
2.522039 -0.013947 
2.523002 -0.013957 
2.523967 -0.013967 
2.524932 -0.013977 
2.525899 -0.013987 
2.526868 -0.013997 
2.527837 -0.014007 
2.528808 -0.014017 
2.529780 -0.014027 
2.530754 -0.014037 
2.531728 -0.014047 
2.532704 -0.014057 
2.533681 -0.014067 
2.534660 -0.014077 
2.535640 -0.014087 
2.536621 -0.014097 
2.537603 -0.014107 
2.538587 -0.014117 
2.539572 -0.014127 
2.540558 -0.014137 
2.541546 -0.014147 
2.542535 -0.014157 
2.543525 -0.014167 
2.544517 -0.014177 
2.545510 -0.014187 
2.546504 -0.014197 
2.547500 -0.014207 
2.548497 -0.014217 
2.549496 -0.014227 
2.550496 -0.014237 
2.551497 -0.014247 
2.552500 -0.014257 
2.553504 -0.014267 
2.554510 -0.014277 
2.555517 -0.014287 
2.556525 -0.014297 
2.557535 -0.014307 
2.558547 -0.014317 
2.559559 -0.014327 
2.560574 -0.014337 
2.561589 -0.014347 
2.562607 -0.014357 
2.563625 -0.014367 
2.564645 -0.014377 
2.565667 -0.014387 
2.566690 -0.014397 
2.567715 -0.014407 
2.568741 -0.014417 
2.569769 -0.014427 
2.570798 -0.014437 
2.571829 -0.014447 
2.572861 -0.014457 
2.573895 -0.014467 
2.574931 -0.014477 
2.575968 -0.014487 
2.577007 -0.014497 
2.578047 -0.014507 
2.579089 -0.014517 
2.580132 -0.014527 
2.581177 -0.014537 
2.582224 -0.014547 
2.583273 -0.014557 
2.584323 -0.014567 
2.585374 -0.014577 
2.586428 -0.014587 
2.587483 -0.014597 
2.588539 -0.014607 
2.589598 -0.014617 
2.590658 -0.014627 
2.591720 -0.014637 
2.592783 -0.014647 
2.593849 -0.014657 
2.594916 -0.014667 
2.595984 -0.014677 
2.597055 -0.014687 
2.598127 -0.014697 
2.599201 -0.014707 
2.600277 -0.014717 
2.601355 -0.014727 
2.602434 -0.014737 
2.603516 -0.014747 
2.604599 -0.014757 
2.605684 -0.014767 
2.606771 -0.014777 
2.607859 -0.014787 
2.608950 -0.014797 
2.610042 -0.014807 
2.611137 -0.014817 
2.612233 -0.014827 
2.613331 -0.014837 
2.614431 -0.014847 
2.615533 -0.014857 
2.616637 -0.014867 
2.617743 -0.014877 
2.618851 -0.014887 
2.619961 -0.014897 
2.621073 -0.014907 
2.622187 -0.014917 
2.623303 -0.014927 
2.624421 -0.014937 
2.625541 -0.014947 
2.626663 -0.014957 
2.627787 -0.014967 
2.628914 -0.014977 
2.630042 -0.014987 
2.631173 -0.014997 
2.632305 -0.015007 
2.633440 -0.015017 
2.634577 -0.015027 
2.635716 -0.015037 
2.636858 -0.015047 
2.638001 -0.015057 
2.639147 -0.015067 
2.640295 -0.015077 
2.641445 -0.015087 
2.642597 -0.015097 
2.643752 -0.015107 
2.644909 -0.015117 
2.646068 -0.015127 
2.647230 -0.015137 
2.648394 -0.015147 
2.649560 -0.015157 
2.650729 -0.015167 
2.651900 -0.015177 
2.653073 -0.015187 
2.654249 -0.015197 
2.655427 -0.015207 
2.656608 -0.015217 
2.657791 -0.015227 
2.658977 -0.015237 
2.660165 -0.015247 
2.661356 -0.015257 
2.662549 -0.015267 
2.663745 -0.015277 
2.664943 -0.015287 
2.666144 -0.015297 
2.667348 -0.015307 
2.668554 -0.015317 
2.669763 -0.015327 
2.670974 -0.015337 
2.672188 -0.015347 
2.673405 -0.015357 
2.674624 -0.015367 
2.675847 -0.015377 
2.677072 -0.015387 
2.678300 -0.015397 
2.679530 -0.015407 
2.680764 -0.015417 
2.682000 -0.015427 
2.683239 -0.015437 
2.684481 -0.015447 
2.685726 -0.015457 
2.686974 -0.015467 
2.688225 -0.015477 
2.689479 -0.015487 
2.690736 -0.015497 
2.691996 -0.015507 
2.693258 -0.015517 
2.694524 -0.015527 
2.695794 -0.015537 
2.697066 -0.015547 
2.698341 -0.015557 
2.699620 -0.015567 
2.700901 -0.015577 
2.702186 -0.015587 
2.703475 -0.015597 
2.704766 -0.015607 
2.706061 -0.015617 
2.707359 -0.015627 
2.708660 -0.015637 
2.709965 -0.015647 
2.711274 -0.015657 
2.712585 -0.015667 
2.713901 -0.015677 
2.715219 -0.015687 
2.716542 -0.015697 
2.717868 -0.015707 
2.719197 -0.015717 
2.720530 -0.015727 
2.721867 -0.015737 
2.723207 -0.015747 
2.724552 -0.015757 
2.725900 -0.015767 
2.727251 -0.015777 
2.728607 -0.015787 
2.729966 -0.015797 
2.731330 -0.015807 
2.732697 -0.015817 
2.734068 -0.015827 
2.735444 -0.015837 
2.736823 -0.015847 
2.738207 -0.015857 
2.739594 -0.015867 
2.740986 -0.015877 
2.742382 -0.015887 
2.743782 -0.015897 
2.745187 -0.015907 
2.746596 -0.015917 
2.748009 -0.015927 
2.749426 -0.015937 
2.750849 -0.015947 
2.752275 -0.015957 
2.753707 -0.015967 
2.755142 -0.015977 
2.756583 -0.015987 
2.758028 -0.015997 
2.759478 -0.016007 
2.760933 -0.016017 
2.762392 -0.016027 
2.763857 -0.016037 
2.765326 -0.016047 
2.766801 -0.016057 
2.768281 -0.016067 
2.769765 -0.016077 
2.771255 -0.016087 
2.772750 -0.016097 
2.774251 -0.016107 
2.775757 -0.016117 
2.777268 -0.016127 
2.778784 -0.016137 
2.780307 -0.016147 
2.781835 -0.016157 
2.783368 -0.016167 
2.784907 -0.016177 
2.786453 -0.016187 
2.788004 -0.016197 
2.789560 -0.016207 
2.791123 -0.016217 
2.792692 -0.016227 
2.794268 -0.016237 
2.795849 -0.016247 
2.797437 -0.016257 
2.799031 -0.016267 
2.800632 -0.016277 
2.802239 -0.016287 
2.803854 -0.016297 
2.805474 -0.016307 
2.807102 -0.016317 
2.808736 -0.016327 
2.810378 -0.016337 
2.812027 -0.016347 
2.813683 -0.016357 
2.815346 -0.016367 
2.817017 -0.016377 
2.818695 -0.016387 
2.820381 -0.016397 
2.822074 -0.016407 
2.823776 -0.016417 
2.825485 -0.016427 
2.827203 -0.016437 
2.828929 -0.016447 
2.830663 -0.016457 
2.832406 -0.016467 
2.834157 -0.016477 
2.835917 -0.016487 
2.837686 -0.016497 
2.839464 -0.016507 
2.841251 -0.016517 
2.843047 -0.016527 
2.844853 -0.016537 
2.846668 -0.016547 
2.848493 -0.016557 
2.850328 -0.016567 
2.852174 -0.016577 
2.854029 -0.016587 
2.855895 -0.016597 
2.857772 -0.016607 
2.859659 -0.016617 
2.861558 -0.016627 
2.863468 -0.016637 
2.865389 -0.016647 
2.867322 -0.016657 
2.869267 -0.016667 
2.871224 -0.016677 
2.873193 -0.016687 
2.875175 -0.016697 
2.877170 -0.016707 
2.879178 -0.016717 
2.881199 -0.016727 
2.883234 -0.016737 
2.885283 -0.016747 
2.887346 -0.016757 
2.889424 -0.016767 
2.891517 -0.016777 
2.893625 -0.016787 
2.895748 -0.016797 
2.897888 -0.016807 
2.900044 -0.016817 
2.902216 -0.016827 
2.904406 -0.016837 
2.906613 -0.016847 
2.908838 -0.016857 
2.911082 -0.016867 
2.913344 -0.016877 
2.915626 -0.016887 
2.917928 -0.016897 
2.920250 -0.016907 
2.922593 -0.016917 
2.924958 -0.016927 
2.927345 -0.016937 
2.929755 -0.016947 
2.932189 -0.016957 
2.934647 -0.016967 
2.937130 -0.016977 
2.939638 -0.016987 
2.942174 -0.016997 
2.944737 -0.017007 
2.947329 -0.017017 
2.949950 -0.017027 
2.952602 -0.017037 
2.955285 -0.017047 
2.958002 -0.017057 
2.960752 -0.017067 
2.963538 -0.017077 
2.966361 -0.017087 
2.969223 -0.017097 
2.972124 -0.017107 
2.975067 -0.017117 
2.978054 -0.017127 
2.981087 -0.017137 
2.984168 -0.017147 
2.987299 -0.017157 
2.990483 -0.017167 
2.993723 -0.017177 
2.997021 -0.017187 
3.000382 -0.017197 
3.003809 -0.017207 
3.007305 -0.017217 
3.010876 -0.017227 
3.014526 -0.017237 
3.018262 -0.017247 
3.022089 -0.017257 
3.026014 -0.017267 
3.030046 -0.017277 
3.034194 -0.017287 
3.038468 -0.017297 
3.042881 -0.017307 
3.047447 -0.017317 
3.052184 -0.017327 
3.057113 -0.017337 
3.062259 -0.017347 
3.067654 -0.017357 
3.073337 -0.017367 
3.079362 -0.017377 
3.085798 -0.017387 
3.092743 -0.017397 
3.100343 -0.017407 
3.108828 -0.017417 
3.118606 -0.017427 
3.128606 -0.017436 
3.138606 -0.017443 
3.148606 -0.017448 
3.158606 -0.017451 
3.168606 -0.017453 
